20110108
20110109
20110112
20110113
20110114
20110122
20110203
20110205
20110206
20110207
20110211
20110217
20110219
20110221
20110226
20110228
20110302
20110303
20110304
20110310
20110313
20110326
20110401
20110403
20110409
20110412
20110414
20110421
20110511
20110512
20110522
20110523
20110527
20110603
20110606
20110611
20110612
20110616
20110617
20110618
20110620
20110623
20110702
20110707
20110711
20110713
20110714
20110716
20110717
20110719
20110721
20110723
20110726
20110804
20110805
20110806
20110807
20110809
20110810
20110811
20110817
20110904
20110907
20110908
20110910
20110917
20110919
20110926
20110927
20110928
20111001
20111005
20111007
20111011
20111015
20111016
20111020
20111021
20111022
20111024
20111028
20111106
20111107
20111108
20111109
20111114
20111118
20111119
20111125
20111126
20111130
20111208
20111210
20111211
20111212
20111217
20111218
20111219
20111223
20111225
