20110101
20110103
20110104
20110105
20110106
20110107
20110110
20110111
20110114
20110115
20110117
20110118
20110119
20110120
20110122
20110124
20110125
20110127
20110201
20110202
20110207
20110212
20110213
20110214
20110217
20110219
20110224
20110225
20110227
20110301
20110302
20110303
20110304
20110305
20110306
20110307
20110310
20110311
20110315
20110316
20110319
20110324
20110327
20110329
20110331
20110402
20110403
20110406
20110407
20110410
20110411
20110413
20110422
20110908
20110921
20111012
20111016
20111018
20111019
20111020
20111021
20111023
20111025
20111027
20111101
20111102
20111105
20111106
20111107
20111108
20111110
20111111
20111113
20111114
20111115
20111117
20111121
20111122
20111124
20111125
20111126
20111129
20111130
20111202
20111203
20111204
20111206
20111207
20111208
20111210
20111212
20111213
20111214
20111216
20111218
20111219
20111220
20111225
20111226
20111231
