20110103
20110123
20110124
20110127
20110128
20110130
20110215
20110216
20110224
20110227
20110228
20110321
20110322
20110407
20110410
20110411
20110423
20110424
20110426
20110427
20110428
20110505
20110515
20110516
20110519
20110520
20110530
20110531
20110601
20110613
20110614
20110615
20110617
20110620
20110622
20110623
20110628
20110630
20110702
20110711
20110719
20110720
20110721
20110722
20110729
20110730
20110731
20110801
20110802
20110806
20110808
20110813
20110815
20110816
20110822
20110823
20110830
20110901
20110902
20110903
20110904
20110912
20110914
20110915
20110919
20110920
20110925
20110926
20111001
20111003
20111007
20111008
20111012
20111013
20111017
20111018
20111022
20111024
20111025
20111026
20111027
20111102
20111103
20111104
20111105
20111106
20111107
20111114
20111116
20111128
20111204
20111206
20111207
20111211
20111213
20111214
20111215
20111229
20111230
20111231
